10.8920661157
10.8920661157
35.8920661157
11.0613223140
60.8920661157
11.2305785124
85.8920661157
11.3998347107
110.8920661157
11.5690909091
135.8920661157
11.7383471074
160.8920661157
11.9076033058
185.8920661157
12.0768595041
210.8920661157
12.2461157025
235.8920661157
12.4153719008
260.8920661157
12.5846280992
285.8920661157
12.7538842975
310.8920661157
12.9231404959
335.8920661157
13.0923966942
360.8920661157
13.2616528926
385.8920661157
13.4309090909
410.8920661157
13.6001652893
435.8920661157
13.7694214876
460.8920661157
13.9386776860
485.8920661157
14.1079338843
11.0613223140
35.8920661157
36.0613223140
36.0613223140
61.0613223140
36.2305785124
86.0613223140
36.3998347107
111.0613223140
36.5690909091
136.0613223140
36.7383471074
161.0613223140
36.9076033058
186.0613223140
37.0768595041
211.0613223140
37.2461157025
236.0613223140
37.4153719008
261.0613223140
37.5846280992
286.0613223140
37.7538842975
311.0613223140
37.9231404959
336.0613223140
38.0923966942
361.0613223140
38.2616528926
386.0613223140
38.4309090909
411.0613223140
38.6001652893
436.0613223140
38.7694214876
461.0613223140
38.9386776860
486.0613223140
39.1079338843
11.2305785124
60.8920661157
36.2305785124
61.0613223140
61.2305785124
61.2305785124
86.2305785124
61.3998347107
111.2305785124
61.5690909091
136.2305785124
61.7383471074
161.2305785124
61.9076033058
186.2305785124
62.0768595041
211.2305785124
62.2461157025
236.2305785124
62.4153719008
261.2305785124
62.5846280992
286.2305785124
62.7538842975
311.2305785124
62.9231404959
336.2305785124
63.0923966942
361.2305785124
63.2616528926
386.2305785124
63.4309090909
411.2305785124
63.6001652893
436.2305785124
63.7694214876
461.2305785124
63.9386776860
486.2305785124
64.1079338843
11.3998347107
85.8920661157
36.3998347107
86.0613223140
61.3998347107
86.2305785124
86.3998347107
86.3998347107
111.3998347107
86.5690909091
136.3998347107
86.7383471074
161.3998347107
86.9076033058
186.3998347107
87.0768595041
211.3998347107
87.2461157025
236.3998347107
87.4153719008
261.3998347107
87.5846280992
286.3998347107
87.7538842975
311.3998347107
87.9231404959
336.3998347107
88.0923966942
361.3998347107
88.2616528926
386.3998347107
88.4309090909
411.3998347107
88.6001652893
436.3998347107
88.7694214876
461.3998347107
88.9386776860
486.3998347107
89.1079338843
11.5690909091
110.8920661157
36.5690909091
111.0613223140
61.5690909091
111.2305785124
86.5690909091
111.3998347107
111.5690909091
111.5690909091
136.5690909091
111.7383471074
161.5690909091
111.9076033058
186.5690909091
112.0768595041
211.5690909091
112.2461157025
236.5690909091
112.4153719008
261.5690909091
112.5846280992
286.5690909091
112.7538842975
311.5690909091
112.9231404959
336.5690909091
113.0923966942
361.5690909091
113.2616528926
386.5690909091
113.4309090909
411.5690909091
113.6001652893
436.5690909091
113.7694214876
461.5690909091
113.9386776860
486.5690909091
114.1079338843
11.7383471074
135.8920661157
36.7383471074
136.0613223140
61.7383471074
136.2305785124
86.7383471074
136.3998347107
111.7383471074
136.5690909091
136.7383471074
136.7383471074
161.7383471074
136.9076033058
186.7383471074
137.0768595041
211.7383471074
137.2461157025
236.7383471074
137.4153719008
261.7383471074
137.5846280992
286.7383471074
137.7538842975
311.7383471074
137.9231404959
336.7383471074
138.0923966942
361.7383471074
138.2616528926
386.7383471074
138.4309090909
411.7383471074
138.6001652893
436.7383471074
138.7694214876
461.7383471074
138.9386776860
486.7383471074
139.1079338843
11.9076033058
160.8920661157
36.9076033058
161.0613223140
61.9076033058
161.2305785124
86.9076033058
161.3998347107
111.9076033058
161.5690909091
136.9076033058
161.7383471074
161.9076033058
161.9076033058
186.9076033058
162.0768595041
211.9076033058
162.2461157025
236.9076033058
162.4153719008
261.9076033058
162.5846280992
286.9076033058
162.7538842975
311.9076033058
162.9231404959
336.9076033058
163.0923966942
361.9076033058
163.2616528926
386.9076033058
163.4309090909
411.9076033058
163.6001652893
436.9076033058
163.7694214876
461.9076033058
163.9386776860
486.9076033058
164.1079338843
12.0768595041
185.8920661157
37.0768595041
186.0613223140
62.0768595041
186.2305785124
87.0768595041
186.3998347107
112.0768595041
186.5690909091
137.0768595041
186.7383471074
162.0768595041
186.9076033058
187.0768595041
187.0768595041
212.0768595041
187.2461157025
237.0768595041
187.4153719008
262.0768595041
187.5846280992
287.0768595041
187.7538842975
312.0768595041
187.9231404959
337.0768595041
188.0923966942
362.0768595041
188.2616528926
387.0768595041
188.4309090909
412.0768595041
188.6001652893
437.0768595041
188.7694214876
462.0768595041
188.9386776860
487.0768595041
189.1079338843
12.2461157025
210.8920661157
37.2461157025
211.0613223140
62.2461157025
211.2305785124
87.2461157025
211.3998347107
112.2461157025
211.5690909091
137.2461157025
211.7383471074
162.2461157025
211.9076033058
187.2461157025
212.0768595041
212.2461157025
212.2461157025
237.2461157025
212.4153719008
262.2461157025
212.5846280992
287.2461157025
212.7538842975
312.2461157025
212.9231404959
337.2461157025
213.0923966942
362.2461157025
213.2616528926
387.2461157025
213.4309090909
412.2461157025
213.6001652893
437.2461157025
213.7694214876
462.2461157025
213.9386776860
487.2461157025
214.1079338843
12.4153719008
235.8920661157
37.4153719008
236.0613223140
62.4153719008
236.2305785124
87.4153719008
236.3998347107
112.4153719008
236.5690909091
137.4153719008
236.7383471074
162.4153719008
236.9076033058
187.4153719008
237.0768595041
212.4153719008
237.2461157025
237.4153719008
237.4153719008
262.4153719008
237.5846280992
287.4153719008
237.7538842975
312.4153719008
237.9231404959
337.4153719008
238.0923966942
362.4153719008
238.2616528926
387.4153719008
238.4309090909
412.4153719008
238.6001652893
437.4153719008
238.7694214876
462.4153719008
238.9386776860
487.4153719008
239.1079338843
12.5846280992
260.8920661157
37.5846280992
261.0613223140
62.5846280992
261.2305785124
87.5846280992
261.3998347107
112.5846280992
261.5690909091
137.5846280992
261.7383471074
162.5846280992
261.9076033058
187.5846280992
262.0768595041
212.5846280992
262.2461157025
237.5846280992
262.4153719008
262.5846280992
262.5846280992
287.5846280992
262.7538842975
312.5846280992
262.9231404959
337.5846280992
263.0923966942
362.5846280992
263.2616528926
387.5846280992
263.4309090909
412.5846280992
263.6001652893
437.5846280992
263.7694214876
462.5846280992
263.9386776860
487.5846280992
264.1079338843
12.7538842975
285.8920661157
37.7538842975
286.0613223140
62.7538842975
286.2305785124
87.7538842975
286.3998347107
112.7538842975
286.5690909091
137.7538842975
286.7383471074
162.7538842975
286.9076033058
187.7538842975
287.0768595041
212.7538842975
287.2461157025
237.7538842975
287.4153719008
262.7538842975
287.5846280992
287.7538842975
287.7538842975
312.7538842975
287.9231404959
337.7538842975
288.0923966942
362.7538842975
288.2616528926
387.7538842975
288.4309090909
412.7538842975
288.6001652893
437.7538842975
288.7694214876
462.7538842975
288.9386776860
487.7538842975
289.1079338843
12.9231404959
310.8920661157
37.9231404959
311.0613223140
62.9231404959
311.2305785124
87.9231404959
311.3998347107
112.9231404959
311.5690909091
137.9231404959
311.7383471074
162.9231404959
311.9076033058
187.9231404959
312.0768595041
212.9231404959
312.2461157025
237.9231404959
312.4153719008
262.9231404959
312.5846280992
287.9231404959
312.7538842975
312.9231404959
312.9231404959
337.9231404959
313.0923966942
362.9231404959
313.2616528926
387.9231404959
313.4309090909
412.9231404959
313.6001652893
437.9231404959
313.7694214876
462.9231404959
313.9386776860
487.9231404959
314.1079338843
13.0923966942
335.8920661157
38.0923966942
336.0613223140
63.0923966942
336.2305785124
88.0923966942
336.3998347107
113.0923966942
336.5690909091
138.0923966942
336.7383471074
163.0923966942
336.9076033058
188.0923966942
337.0768595041
213.0923966942
337.2461157025
238.0923966942
337.4153719008
263.0923966942
337.5846280992
288.0923966942
337.7538842975
313.0923966942
337.9231404959
338.0923966942
338.0923966942
363.0923966942
338.2616528926
388.0923966942
338.4309090909
413.0923966942
338.6001652893
438.0923966942
338.7694214876
463.0923966942
338.9386776860
488.0923966942
339.1079338843
13.2616528926
360.8920661157
38.2616528926
361.0613223140
63.2616528926
361.2305785124
88.2616528926
361.3998347107
113.2616528926
361.5690909091
138.2616528926
361.7383471074
163.2616528926
361.9076033058
188.2616528926
362.0768595041
213.2616528926
362.2461157025
238.2616528926
362.4153719008
263.2616528926
362.5846280992
288.2616528926
362.7538842975
313.2616528926
362.9231404959
338.2616528926
363.0923966942
363.2616528926
363.2616528926
388.2616528926
363.4309090909
413.2616528926
363.6001652893
438.2616528926
363.7694214876
463.2616528926
363.9386776860
488.2616528926
364.1079338843
13.4309090909
385.8920661157
38.4309090909
386.0613223140
63.4309090909
386.2305785124
88.4309090909
386.3998347107
113.4309090909
386.5690909091
138.4309090909
386.7383471074
163.4309090909
386.9076033058
188.4309090909
387.0768595041
213.4309090909
387.2461157025
238.4309090909
387.4153719008
263.4309090909
387.5846280992
288.4309090909
387.7538842975
313.4309090909
387.9231404959
338.4309090909
388.0923966942
363.4309090909
388.2616528926
388.4309090909
388.4309090909
413.4309090909
388.6001652893
438.4309090909
388.7694214876
463.4309090909
388.9386776860
488.4309090909
389.1079338843
13.6001652893
410.8920661157
38.6001652893
411.0613223140
63.6001652893
411.2305785124
88.6001652893
411.3998347107
113.6001652893
411.5690909091
138.6001652893
411.7383471074
163.6001652893
411.9076033058
188.6001652893
412.0768595041
213.6001652893
412.2461157025
238.6001652893
412.4153719008
263.6001652893
412.5846280992
288.6001652893
412.7538842975
313.6001652893
412.9231404959
338.6001652893
413.0923966942
363.6001652893
413.2616528926
388.6001652893
413.4309090909
413.6001652893
413.6001652893
438.6001652893
413.7694214876
463.6001652893
413.9386776860
488.6001652893
414.1079338843
13.7694214876
435.8920661157
38.7694214876
436.0613223140
63.7694214876
436.2305785124
88.7694214876
436.3998347107
113.7694214876
436.5690909091
138.7694214876
436.7383471074
163.7694214876
436.9076033058
188.7694214876
437.0768595041
213.7694214876
437.2461157025
238.7694214876
437.4153719008
263.7694214876
437.5846280992
288.7694214876
437.7538842975
313.7694214876
437.9231404959
338.7694214876
438.0923966942
363.7694214876
438.2616528926
388.7694214876
438.4309090909
413.7694214876
438.6001652893
438.7694214876
438.7694214876
463.7694214876
438.9386776860
488.7694214876
439.1079338843
13.9386776860
460.8920661157
38.9386776860
461.0613223140
63.9386776860
461.2305785124
88.9386776860
461.3998347107
113.9386776860
461.5690909091
138.9386776860
461.7383471074
163.9386776860
461.9076033058
188.9386776860
462.0768595041
213.9386776860
462.2461157025
238.9386776860
462.4153719008
263.9386776860
462.5846280992
288.9386776860
462.7538842975
313.9386776860
462.9231404959
338.9386776860
463.0923966942
363.9386776860
463.2616528926
388.9386776860
463.4309090909
413.9386776860
463.6001652893
438.9386776860
463.7694214876
463.9386776860
463.9386776860
488.9386776860
464.1079338843
14.1079338843
485.8920661157
39.1079338843
486.0613223140
64.1079338843
486.2305785124
89.1079338843
486.3998347107
114.1079338843
486.5690909091
139.1079338843
486.7383471074
164.1079338843
486.9076033058
189.1079338843
487.0768595041
214.1079338843
487.2461157025
239.1079338843
487.4153719008
264.1079338843
487.5846280992
289.1079338843
487.7538842975
314.1079338843
487.9231404959
339.1079338843
488.0923966942
364.1079338843
488.2616528926
389.1079338843
488.4309090909
414.1079338843
488.6001652893
439.1079338843
488.7694214876
464.1079338843
488.9386776860
489.1079338843
489.1079338843
