10.5999797375
10.5999797375
35.7999836784
10.5999817582
60.9999870166
10.5999835543
86.1999898230
10.5999851259
111.3999921686
10.5999864730
136.5999941242
10.5999875956
161.7999957608
10.5999884937
186.9999971493
10.5999891672
212.1999983605
10.5999896162
237.3999994653
10.5999898408
262.6000005347
10.5999898408
287.8000016395
10.5999896162
313.0000028507
10.5999891672
338.2000042392
10.5999884937
363.4000058758
10.5999875956
388.6000078314
10.5999864730
413.8000101770
10.5999851259
439.0000129834
10.5999835543
464.2000163216
10.5999817582
489.4000202625
10.5999797375
10.5999817582
35.7999836784
35.7999854863
35.7999854863
60.9999886118
35.7999870934
86.1999912056
35.7999884996
111.3999933384
35.7999897049
136.5999950814
35.7999907093
161.7999965053
35.7999915128
186.9999976810
35.7999921154
212.1999986795
35.7999925172
237.3999995717
35.7999927181
262.6000004283
35.7999927181
287.8000013205
35.7999925172
313.0000023190
35.7999921154
338.2000034947
35.7999915128
363.4000049186
35.7999907093
388.6000066616
35.7999897049
413.8000087944
35.7999884996
439.0000113882
35.7999870934
464.2000145137
35.7999854863
489.4000182418
35.7999836784
10.5999835543
60.9999870166
35.7999870934
60.9999886118
60.9999900298
60.9999900298
86.1999924345
60.9999912706
111.3999943783
60.9999923340
136.5999959322
60.9999932203
161.7999971670
60.9999939293
186.9999981537
60.9999944610
212.1999989631
60.9999948155
237.3999996662
60.9999949928
262.6000003338
60.9999949928
287.8000010369
60.9999948155
313.0000018463
60.9999944610
338.2000028330
60.9999939293
363.4000040678
60.9999932203
388.6000056217
60.9999923340
413.8000075655
60.9999912706
439.0000099702
60.9999900298
464.2000129066
60.9999886118
489.4000164457
60.9999870166
10.5999851259
86.1999898230
35.7999884996
86.1999912056
60.9999912706
86.1999924345
86.1999935098
86.1999935098
111.3999952882
86.1999944315
136.5999966766
86.1999951996
161.7999977460
86.1999958140
186.9999985673
86.1999962749
212.1999992113
86.1999965821
237.3999997489
86.1999967357
262.6000002511
86.1999967357
287.8000007887
86.1999965821
313.0000014327
86.1999962749
338.2000022540
86.1999958140
363.4000033234
86.1999951996
388.6000047118
86.1999944315
413.8000064902
86.1999935098
439.0000087294
86.1999924345
464.2000115004
86.1999912056
489.4000148741
86.1999898230
10.5999864730
111.3999921686
35.7999897049
111.3999933384
60.9999923340
111.3999943783
86.1999944315
111.3999952882
111.3999960681
111.3999960681
136.5999973147
111.3999967180
161.7999982423
111.3999972379
186.9999989217
111.3999976278
212.1999994239
111.3999978878
237.3999998198
111.3999980178
262.6000001802
111.3999980178
287.8000005761
111.3999978878
313.0000010783
111.3999976278
338.2000017577
111.3999972379
363.4000026853
111.3999967180
388.6000039319
111.3999960681
413.8000055685
111.3999952882
439.0000076660
111.3999943783
464.2000102951
111.3999933384
489.4000135270
111.3999921686
10.5999875956
136.5999941242
35.7999907093
136.5999950814
60.9999932203
136.5999959322
86.1999951996
136.5999966766
111.3999967180
136.5999973147
136.5999978465
136.5999978465
161.7999986559
136.5999982718
186.9999992172
136.5999985909
212.1999996012
136.5999988036
237.3999998789
136.5999989099
262.6000001211
136.5999989099
287.8000003988
136.5999988036
313.0000007828
136.5999985909
338.2000013441
136.5999982718
363.4000021535
136.5999978465
388.6000032820
136.5999973147
413.8000048004
136.5999966766
439.0000067797
136.5999959322
464.2000092907
136.5999950814
489.4000124044
136.5999941242
10.5999884937
161.7999957608
35.7999915128
161.7999965053
60.9999939293
161.7999971670
86.1999958140
161.7999977460
111.3999972379
161.7999982423
136.5999982718
161.7999986559
161.7999989867
161.7999989867
186.9999994535
161.7999992349
212.1999997430
161.7999994003
237.3999999261
161.7999994830
262.6000000739
161.7999994830
287.8000002570
161.7999994003
313.0000005465
161.7999992349
338.2000010133
161.7999989867
363.4000017282
161.7999986559
388.6000027621
161.7999982423
413.8000041860
161.7999977460
439.0000060707
161.7999971670
464.2000084872
161.7999965053
489.4000115063
161.7999957608
10.5999891672
186.9999971493
35.7999921154
186.9999976810
60.9999944610
186.9999981537
86.1999962749
186.9999985673
111.3999976278
186.9999989217
136.5999985909
186.9999992172
161.7999992349
186.9999994535
186.9999996307
186.9999996307
212.1999998493
186.9999997489
237.3999999616
186.9999998080
262.6000000384
186.9999998080
287.8000001507
186.9999997489
313.0000003693
186.9999996307
338.2000007651
186.9999994535
363.4000014091
186.9999992172
388.6000023722
186.9999989217
413.8000037251
186.9999985673
439.0000055390
186.9999981537
464.2000078846
186.9999976810
489.4000108328
186.9999971493
10.5999896162
212.1999983605
35.7999925172
212.1999986795
60.9999948155
212.1999989631
86.1999965821
212.1999992113
111.3999978878
212.1999994239
136.5999988036
212.1999996012
161.7999994003
212.1999997430
186.9999997489
212.1999998493
212.1999999202
212.1999999202
237.3999999852
212.1999999557
262.6000000148
212.1999999557
287.8000000798
212.1999999202
313.0000002511
212.1999998493
338.2000005997
212.1999997430
363.4000011964
212.1999996012
388.6000021122
212.1999994239
413.8000034179
212.1999992113
439.0000051845
212.1999989631
464.2000074828
212.1999986795
489.4000103838
212.1999983605
10.5999898408
237.3999994653
35.7999927181
237.3999995717
60.9999949928
237.3999996662
86.1999967357
237.3999997489
111.3999980178
237.3999998198
136.5999989099
237.3999998789
161.7999994830
237.3999999261
186.9999998080
237.3999999616
212.1999999557
237.3999999852
237.3999999970
237.3999999970
262.6000000030
237.3999999970
287.8000000443
237.3999999852
313.0000001920
237.3999999616
338.2000005170
237.3999999261
363.4000010901
237.3999998789
388.6000019822
237.3999998198
413.8000032643
237.3999997489
439.0000050072
237.3999996662
464.2000072819
237.3999995717
489.4000101592
237.3999994653
10.5999898408
262.6000005347
35.7999927181
262.6000004283
60.9999949928
262.6000003338
86.1999967357
262.6000002511
111.3999980178
262.6000001802
136.5999989099
262.6000001211
161.7999994830
262.6000000739
186.9999998080
262.6000000384
212.1999999557
262.6000000148
237.3999999970
262.6000000030
262.6000000030
262.6000000030
287.8000000443
262.6000000148
313.0000001920
262.6000000384
338.2000005170
262.6000000739
363.4000010901
262.6000001211
388.6000019822
262.6000001802
413.8000032643
262.6000002511
439.0000050072
262.6000003338
464.2000072819
262.6000004283
489.4000101592
262.6000005347
10.5999896162
287.8000016395
35.7999925172
287.8000013205
60.9999948155
287.8000010369
86.1999965821
287.8000007887
111.3999978878
287.8000005761
136.5999988036
287.8000003988
161.7999994003
287.8000002570
186.9999997489
287.8000001507
212.1999999202
287.8000000798
237.3999999852
287.8000000443
262.6000000148
287.8000000443
287.8000000798
287.8000000798
313.0000002511
287.8000001507
338.2000005997
287.8000002570
363.4000011964
287.8000003988
388.6000021122
287.8000005761
413.8000034179
287.8000007887
439.0000051845
287.8000010369
464.2000074828
287.8000013205
489.4000103838
287.8000016395
10.5999891672
313.0000028507
35.7999921154
313.0000023190
60.9999944610
313.0000018463
86.1999962749
313.0000014327
111.3999976278
313.0000010783
136.5999985909
313.0000007828
161.7999992349
313.0000005465
186.9999996307
313.0000003693
212.1999998493
313.0000002511
237.3999999616
313.0000001920
262.6000000384
313.0000001920
287.8000001507
313.0000002511
313.0000003693
313.0000003693
338.2000007651
313.0000005465
363.4000014091
313.0000007828
388.6000023722
313.0000010783
413.8000037251
313.0000014327
439.0000055390
313.0000018463
464.2000078846
313.0000023190
489.4000108328
313.0000028507
10.5999884937
338.2000042392
35.7999915128
338.2000034947
60.9999939293
338.2000028330
86.1999958140
338.2000022540
111.3999972379
338.2000017577
136.5999982718
338.2000013441
161.7999989867
338.2000010133
186.9999994535
338.2000007651
212.1999997430
338.2000005997
237.3999999261
338.2000005170
262.6000000739
338.2000005170
287.8000002570
338.2000005997
313.0000005465
338.2000007651
338.2000010133
338.2000010133
363.4000017282
338.2000013441
388.6000027621
338.2000017577
413.8000041860
338.2000022540
439.0000060707
338.2000028330
464.2000084872
338.2000034947
489.4000115063
338.2000042392
10.5999875956
363.4000058758
35.7999907093
363.4000049186
60.9999932203
363.4000040678
86.1999951996
363.4000033234
111.3999967180
363.4000026853
136.5999978465
363.4000021535
161.7999986559
363.4000017282
186.9999992172
363.4000014091
212.1999996012
363.4000011964
237.3999998789
363.4000010901
262.6000001211
363.4000010901
287.8000003988
363.4000011964
313.0000007828
363.4000014091
338.2000013441
363.4000017282
363.4000021535
363.4000021535
388.6000032820
363.4000026853
413.8000048004
363.4000033234
439.0000067797
363.4000040678
464.2000092907
363.4000049186
489.4000124044
363.4000058758
10.5999864730
388.6000078314
35.7999897049
388.6000066616
60.9999923340
388.6000056217
86.1999944315
388.6000047118
111.3999960681
388.6000039319
136.5999973147
388.6000032820
161.7999982423
388.6000027621
186.9999989217
388.6000023722
212.1999994239
388.6000021122
237.3999998198
388.6000019822
262.6000001802
388.6000019822
287.8000005761
388.6000021122
313.0000010783
388.6000023722
338.2000017577
388.6000027621
363.4000026853
388.6000032820
388.6000039319
388.6000039319
413.8000055685
388.6000047118
439.0000076660
388.6000056217
464.2000102951
388.6000066616
489.4000135270
388.6000078314
10.5999851259
413.8000101770
35.7999884996
413.8000087944
60.9999912706
413.8000075655
86.1999935098
413.8000064902
111.3999952882
413.8000055685
136.5999966766
413.8000048004
161.7999977460
413.8000041860
186.9999985673
413.8000037251
212.1999992113
413.8000034179
237.3999997489
413.8000032643
262.6000002511
413.8000032643
287.8000007887
413.8000034179
313.0000014327
413.8000037251
338.2000022540
413.8000041860
363.4000033234
413.8000048004
388.6000047118
413.8000055685
413.8000064902
413.8000064902
439.0000087294
413.8000075655
464.2000115004
413.8000087944
489.4000148741
413.8000101770
10.5999835543
439.0000129834
35.7999870934
439.0000113882
60.9999900298
439.0000099702
86.1999924345
439.0000087294
111.3999943783
439.0000076660
136.5999959322
439.0000067797
161.7999971670
439.0000060707
186.9999981537
439.0000055390
212.1999989631
439.0000051845
237.3999996662
439.0000050072
262.6000003338
439.0000050072
287.8000010369
439.0000051845
313.0000018463
439.0000055390
338.2000028330
439.0000060707
363.4000040678
439.0000067797
388.6000056217
439.0000076660
413.8000075655
439.0000087294
439.0000099702
439.0000099702
464.2000129066
439.0000113882
489.4000164457
439.0000129834
10.5999817582
464.2000163216
35.7999854863
464.2000145137
60.9999886118
464.2000129066
86.1999912056
464.2000115004
111.3999933384
464.2000102951
136.5999950814
464.2000092907
161.7999965053
464.2000084872
186.9999976810
464.2000078846
212.1999986795
464.2000074828
237.3999995717
464.2000072819
262.6000004283
464.2000072819
287.8000013205
464.2000074828
313.0000023190
464.2000078846
338.2000034947
464.2000084872
363.4000049186
464.2000092907
388.6000066616
464.2000102951
413.8000087944
464.2000115004
439.0000113882
464.2000129066
464.2000145137
464.2000145137
489.4000182418
464.2000163216
10.5999797375
489.4000202625
35.7999836784
489.4000182418
60.9999870166
489.4000164457
86.1999898230
489.4000148741
111.3999921686
489.4000135270
136.5999941242
489.4000124044
161.7999957608
489.4000115063
186.9999971493
489.4000108328
212.1999983605
489.4000103838
237.3999994653
489.4000101592
262.6000005347
489.4000101592
287.8000016395
489.4000103838
313.0000028507
489.4000108328
338.2000042392
489.4000115063
363.4000058758
489.4000124044
388.6000078314
489.4000135270
413.8000101770
489.4000148741
439.0000129834
489.4000164457
464.2000163216
489.4000182418
489.4000202625
489.4000202625
